                PC   BP   SP   stack
Initial values: 0	75	74
 0 JMP  0 48    48   75   74  
48 INC  0  5    51   75   79   0 0 0 0 0
Please Enter an Integer: 
51 SYS  0  2    54   75   80   0 0 0 0 0 5
54 STO  0  3    57   75   79   0 0 0 5 0
57 LIT  0  1    60   75   80   0 0 0 5 0 1
60 STO  0  4    63   75   79   0 0 0 5 1
63 CAL  0  3     3   80   79   0 0 0 5 1
 3 INC  0  3     6   80   82   0 0 0 5 1 | 75 75 66
 6 LOD  1  3     9   80   83   0 0 0 5 1 | 75 75 66 5
 9 LIT  0  1    12   80   84   0 0 0 5 1 | 75 75 66 5 1
12 NEQ  0  9    15   80   83   0 0 0 5 1 | 75 75 66 0
15 JPC  0 45    18   80   82   0 0 0 5 1 | 75 75 66
18 LOD  1  4    21   80   83   0 0 0 5 1 | 75 75 66 1
21 LOD  1  3    24   80   84   0 0 0 5 1 | 75 75 66 1 5
24 MUL  0  4    27   80   83   0 0 0 5 1 | 75 75 66 5
27 STO  1  4    30   80   82   0 0 0 5 5 | 75 75 66
30 LOD  1  3    33   80   83   0 0 0 5 5 | 75 75 66 5
33 LIT  0  1    36   80   84   0 0 0 5 5 | 75 75 66 5 1
36 SUB  0  3    39   80   83   0 0 0 5 5 | 75 75 66 4
39 STO  1  3    42   80   82   0 0 0 4 5 | 75 75 66
42 CAL  1  3     3   83   82   0 0 0 4 5 | 75 75 66
 3 INC  0  3     6   83   85   0 0 0 4 5 | 75 75 66 | 75 80 45
 6 LOD  1  3     9   83   86   0 0 0 4 5 | 75 75 66 | 75 80 45 4
 9 LIT  0  1    12   83   87   0 0 0 4 5 | 75 75 66 | 75 80 45 4 1
12 NEQ  0  9    15   83   86   0 0 0 4 5 | 75 75 66 | 75 80 45 0
15 JPC  0 45    18   83   85   0 0 0 4 5 | 75 75 66 | 75 80 45
18 LOD  1  4    21   83   86   0 0 0 4 5 | 75 75 66 | 75 80 45 5
21 LOD  1  3    24   83   87   0 0 0 4 5 | 75 75 66 | 75 80 45 5 4
24 MUL  0  4    27   83   86   0 0 0 4 5 | 75 75 66 | 75 80 45 20
27 STO  1  4    30   83   85   0 0 0 4 20 | 75 75 66 | 75 80 45
30 LOD  1  3    33   83   86   0 0 0 4 20 | 75 75 66 | 75 80 45 4
33 LIT  0  1    36   83   87   0 0 0 4 20 | 75 75 66 | 75 80 45 4 1
36 SUB  0  3    39   83   86   0 0 0 4 20 | 75 75 66 | 75 80 45 3
39 STO  1  3    42   83   85   0 0 0 3 20 | 75 75 66 | 75 80 45
42 CAL  1  3     3   86   85   0 0 0 3 20 | 75 75 66 | 75 80 45
 3 INC  0  3     6   86   88   0 0 0 3 20 | 75 75 66 | 75 80 45 | 75 83 45
 6 LOD  1  3     9   86   89   0 0 0 3 20 | 75 75 66 | 75 80 45 | 75 83 45 3
 9 LIT  0  1    12   86   90   0 0 0 3 20 | 75 75 66 | 75 80 45 | 75 83 45 3 1
12 NEQ  0  9    15   86   89   0 0 0 3 20 | 75 75 66 | 75 80 45 | 75 83 45 0
15 JPC  0 45    18   86   88   0 0 0 3 20 | 75 75 66 | 75 80 45 | 75 83 45
18 LOD  1  4    21   86   89   0 0 0 3 20 | 75 75 66 | 75 80 45 | 75 83 45 20
21 LOD  1  3    24   86   90   0 0 0 3 20 | 75 75 66 | 75 80 45 | 75 83 45 20 3
24 MUL  0  4    27   86   89   0 0 0 3 20 | 75 75 66 | 75 80 45 | 75 83 45 60
27 STO  1  4    30   86   88   0 0 0 3 60 | 75 75 66 | 75 80 45 | 75 83 45
30 LOD  1  3    33   86   89   0 0 0 3 60 | 75 75 66 | 75 80 45 | 75 83 45 3
33 LIT  0  1    36   86   90   0 0 0 3 60 | 75 75 66 | 75 80 45 | 75 83 45 3 1
36 SUB  0  3    39   86   89   0 0 0 3 60 | 75 75 66 | 75 80 45 | 75 83 45 2
39 STO  1  3    42   86   88   0 0 0 2 60 | 75 75 66 | 75 80 45 | 75 83 45
42 CAL  1  3     3   89   88   0 0 0 2 60 | 75 75 66 | 75 80 45 | 75 83 45
 3 INC  0  3     6   89   91   0 0 0 2 60 | 75 75 66 | 75 80 45 | 75 83 45 | 75 86 45
 6 LOD  1  3     9   89   92   0 0 0 2 60 | 75 75 66 | 75 80 45 | 75 83 45 | 75 86 45 2
 9 LIT  0  1    12   89   93   0 0 0 2 60 | 75 75 66 | 75 80 45 | 75 83 45 | 75 86 45 2 1
12 NEQ  0  9    15   89   92   0 0 0 2 60 | 75 75 66 | 75 80 45 | 75 83 45 | 75 86 45 0
15 JPC  0 45    18   89   91   0 0 0 2 60 | 75 75 66 | 75 80 45 | 75 83 45 | 75 86 45
18 LOD  1  4    21   89   92   0 0 0 2 60 | 75 75 66 | 75 80 45 | 75 83 45 | 75 86 45 60
21 LOD  1  3    24   89   93   0 0 0 2 60 | 75 75 66 | 75 80 45 | 75 83 45 | 75 86 45 60 2
24 MUL  0  4    27   89   92   0 0 0 2 60 | 75 75 66 | 75 80 45 | 75 83 45 | 75 86 45 120
27 STO  1  4    30   89   91   0 0 0 2 120 | 75 75 66 | 75 80 45 | 75 83 45 | 75 86 45
30 LOD  1  3    33   89   92   0 0 0 2 120 | 75 75 66 | 75 80 45 | 75 83 45 | 75 86 45 2
33 LIT  0  1    36   89   93   0 0 0 2 120 | 75 75 66 | 75 80 45 | 75 83 45 | 75 86 45 2 1
36 SUB  0  3    39   89   92   0 0 0 2 120 | 75 75 66 | 75 80 45 | 75 83 45 | 75 86 45 1
39 STO  1  3    42   89   91   0 0 0 1 120 | 75 75 66 | 75 80 45 | 75 83 45 | 75 86 45
42 CAL  1  3     3   92   91   0 0 0 1 120 | 75 75 66 | 75 80 45 | 75 83 45 | 75 86 45
 3 INC  0  3     6   92   94   0 0 0 1 120 | 75 75 66 | 75 80 45 | 75 83 45 | 75 86 45 | 75 89 45
 6 LOD  1  3     9   92   95   0 0 0 1 120 | 75 75 66 | 75 80 45 | 75 83 45 | 75 86 45 | 75 89 45 1
 9 LIT  0  1    12   92   96   0 0 0 1 120 | 75 75 66 | 75 80 45 | 75 83 45 | 75 86 45 | 75 89 45 1 1
12 NEQ  0  9    15   92   95   0 0 0 1 120 | 75 75 66 | 75 80 45 | 75 83 45 | 75 86 45 | 75 89 45 1
15 JPC  0 45    45   92   94   0 0 0 1 120 | 75 75 66 | 75 80 45 | 75 83 45 | 75 86 45 | 75 89 45
45 RTN  0  0    45   89   91   0 0 0 1 120 | 75 75 66 | 75 80 45 | 75 83 45 | 75 86 45
45 RTN  0  0    45   86   88   0 0 0 1 120 | 75 75 66 | 75 80 45 | 75 83 45
45 RTN  0  0    45   83   85   0 0 0 1 120 | 75 75 66 | 75 80 45
45 RTN  0  0    45   80   82   0 0 0 1 120 | 75 75 66
45 RTN  0  0    66   75   79   0 0 0 1 120
66 LOD  0  4    69   75   80   0 0 0 1 120 120
Output result is: 120
69 SYS  0  1    72   75   79   0 0 0 1 120
72 SYS  0  3    75   75   79   0 0 0 1 120
