                PC   BP   SP   stack
Initial values: 0    60   59   

 0 JMP  0 45    45   60   59  
45 INC  0  5    48   60   64   0  0  0  0  0 
Please Enter an Integer: 3
48 SYS  0  2    51   60   65   0  0  0  0  0  3 
51 CAL  0  6     6   66   65   0  0  0  0  0  3 
 6 INC  0  4     9   66   69   0  0  0  0  0  3  | 60 60 54 0 
 9 LIT  0  4    12   66   70   0  0  0  0  0  3  | 60 60 54 0  4 
12 LIT  0  3    15   66   71   0  0  0  0  0  3  | 60 60 54 0  4  3 
15 MUL  0  4    18   66   70   0  0  0  0  0  3  | 60 60 54 0  12
18 STO  1  4    21   66   69   0  0  0  0  12 3  | 60 60 54 0 
21 LIT  0 14    24   66   70   0  0  0  0  12 3  | 60 60 54 0  14
24 LOD  1  4    27   66   71   0  0  0  0  12 3  | 60 60 54 0  14 12
27 LSS  0 10    30   66   70   0  0  0  0  12 3  | 60 60 54 0  0 
30 JPC  0 39    33   66   69   0  0  0  0  12 3  | 60 60 54 0 
33 LIT  0  7    36   66   70   0  0  0  0  12 3  | 60 60 54 0  7 
36 JMP  0 42    42   66   70   0  0  0  0  12 3  | 60 60 54 0  7 
42 RTN  0  0    54   60   65   0  0  0  0  12 3 
Output result is: 3
54 SYS  0  1    57   60   64   0  0  0  0  12
57 SYS  0  3    60   60   64   0  0  0  0  12
